ID,region,species,q1,q2,q3,q4,q5,q6,q7,q8,q9,q10,q11,q12,q13,q14,q15,q16,q17
101marble,101,marble,0,0,0,0,0,0,0,0,1,2,1,1,2,0,1,2,0
102marble,102,marble,0,0,0,0,0,0,0,0,1,2,1,1,2,0,1,2,0
103marble,103,marble,0,0,0,0,0,0,0,0,1,2,1,1,2,0,1,2,0
104marble,104,marble,0,0,0,0,0,0,0,0,1,2,1,1,2,0,1,2,0
105marble,105,marble,0,0,0,0,0,0,0,0,1,2,1,1,2,0,1,2,0
106marble,106,marble,0,0,0,1,1,0,0,0,1,2,1,1,2,0,1,2,0
107marble,107,marble,0,0,0,0,0,0,0,0,1,2,1,1,2,0,1,2,0
108marble,108,marble,0,0,0,0,0,0,0,0,1,2,1,1,2,0,1,2,0
109marble,109,marble,0,0,0,0,0,0,0,0,1,2,1,1,2,0,1,2,0
110marble,110,marble,0,0,0,1,1,0,0,0,1,2,1,1,2,0,1,2,0
111marble,111,marble,0,0,0,1,1,0,0,0,1,2,1,1,2,0,1,2,0
112marble,112,marble,0,0,0,1,1,0,0,0,1,2,1,1,2,0,1,2,0
113marble,113,marble,0,0,0,1,1,0,0,0,1,2,1,1,2,0,1,2,0
114marble,114,marble,0,0,0,0,0,0,0,0,1,2,1,1,2,0,1,2,0
115marble,115,marble,0,0,0,0,0,0,0,0,1,2,1,1,2,0,1,2,0
116marble,116,marble,0,0,0,0,0,0,0,0,1,2,1,1,2,0,1,2,0
117marble,117,marble,0,0,0,0,0,0,0,0,1,2,1,1,2,0,1,2,0
118marble,118,marble,0,0,0,0,0,0,0,0,1,2,1,1,2,0,1,2,0
119marble,119,marble,0,0,0,0,0,0,0,0,1,2,1,1,2,0,1,2,0
120marble,120,marble,0,0,0,0,0,0,0,0,1,2,1,1,2,0,1,2,0
142marble,142,marble,0,0,0,0,0,0,0,0,1,2,1,1,2,0,1,2,0
