ID,region,species,q1,q2,q3,q4,q5,q6,q7,q8,q9,q10,q11,q12,q13,q14,q15,q16,q17
101marble,101,marble,1,1,2,1,1,3,2,1,2,2,2,2,2,1,1,2,3
102marble,102,marble,1,1,2,1,1,3,2,1,2,2,2,2,2,1,1,2,3
103marble,103,marble,1,1,2,2,2,3,2,2,2,2,2,2,2,1,2,2,3
104marble,104,marble,1,1,2,1,1,3,2,1,2,2,2,2,2,1,1,2,3
105marble,105,marble,1,1,2,1,1,3,2,1,2,2,2,2,2,1,1,2,3
106marble,106,marble,1,1,3,1,1,3,2,1,2,2,2,2,2,1,2,2,3
107marble,107,marble,1,1,2,1,1,3,2,1,2,2,2,2,2,1,2,2,3
108marble,108,marble,1,1,2,1,1,3,2,1,2,2,2,2,2,1,1,2,3
109marble,109,marble,1,1,3,1,1,3,2,2,2,2,2,2,2,1,2,2,3
110marble,110,marble,1,1,3,1,1,3,2,1,2,2,2,2,2,1,2,2,3
111marble,111,marble,1,1,3,1,1,3,2,1,2,2,2,2,2,1,2,2,3
112marble,112,marble,1,1,1,1,1,3,1,1,1,1,1,1,1,1,1,1,3
113marble,113,marble,1,1,3,1,1,3,2,1,2,2,2,2,2,1,2,2,3
114marble,114,marble,1,1,3,1,1,3,2,1,2,2,2,2,2,1,2,2,3
115marble,115,marble,1,1,3,1,1,3,2,2,2,2,2,2,2,1,2,2,3
116marble,116,marble,1,1,3,2,2,2,2,2,2,2,2,2,2,1,2,2,3
117marble,117,marble,1,1,3,1,1,2,2,2,2,2,2,2,2,1,2,2,3
118marble,118,marble,1,1,2,1,1,2,2,1,2,2,2,2,2,1,2,2,3
119marble,119,marble,1,1,2,2,2,3,2,2,2,2,2,2,2,1,2,2,3
120marble,120,marble,1,1,2,1,1,3,2,2,2,2,2,2,2,1,2,2,3
142marble,142,marble,1,1,2,2,1,3,2,1,2,2,2,2,2,1,1,2,3
